0 49
50,25,25,0
2
90,10,0,0
3
100,0,0,0
2
50,50,0,0
3
0,50,50,0
2
25,25,50,0
3
0,75,25,0
2
60,20,20,0
2
45,5,50,0
2
85,23,2,0
3
50,25,25,0
2
90,10,0,0
3
100,0,0,0
2
50,50,0,0
3
0,50,50,0
2
25,25,50,0
3
0,75,25,0
2
60,20,20,0
2
45,5,50,0
2
85,23,2,0
3
50,25,25,0
2
90,10,0,0
3
100,0,0,0
2
50,50,0,0
3
0,50,50,0
2
25,25,50,0
3
0,75,25,0
2
60,20,20,0
2
45,5,50,0
2
85,23,2,0
3
50,25,25,0
2
90,10,0,0
3
100,0,0,0
2
50,50,0,0
3
0,50,50,0
2
25,25,50,0
3
0,75,25,0
2
60,20,20,0
2
45,5,50,0
2
85,23,2,0
3
50,25,25,0
2
90,10,0,0
3
100,0,0,0
2
50,50,0,0
3
0,50,50,0
2
25,25,50,0
3
0,75,25,0
2
60,20,20,0
2
45,5,50,0
2
85,23,2,0
3