0 69
0,20,0,0
1
0,20,0,0
1
0,20,0,0
1
0,20,0,0
1
0,20,0,0
1
0,20,0,0
1
0,20,0,0
1
0,20,0,0
1
0,20,0,0
1
0,20,0,0
1
0,20,0,0
1
0,20,0,0
1
0,20,0,0
1
0,20,0,0
1
0,20,0,0
1
0,20,0,0
1
0,20,0,0
1
0,20,0,0
1
0,20,0,0
1
0,20,0,0
1
0,20,0,0
1
0,20,0,0
1
0,20,0,0
1
0,20,0,0
1
0,20,0,0
1
0,20,0,0
1
0,20,0,0
1
0,20,0,0
1
0,20,0,0
1
0,20,0,0
1
0,20,0,0
1
0,20,0,0
1
0,20,0,0
1
0,20,0,0
1
0,20,0,0
1
0,20,0,0
1
0,20,0,0
1
0,20,0,0
1
0,20,0,0
1
0,20,0,0
1
0,20,0,0
1
0,20,0,0
1
0,20,0,0
1
0,20,0,0
1
0,20,0,0
1
0,20,0,0
1
0,20,0,0
1
0,20,0,0
1
0,20,0,0
1
0,20,0,0
1
0,20,0,0
1
0,20,0,0
1
0,20,0,0
1
0,20,0,0
1
0,20,0,0
1
0,20,0,0
1
0,20,0,0
1
0,20,0,0
1
0,20,0,0
1
0,20,0,0
1
0,20,0,0
1
0,20,0,0
1
0,20,0,0
1
0,20,0,0
1
0,20,0,0
1
0,20,0,0
1
0,20,0,0
1
0,20,0,0
1
0,20,0,0
1
0,20,0,0
1